2503
2900
3521
3528
3833
3881
4112
4216
4360
4553
4565
4568
4719
4733
4754
4774
4790
4803
4826
4830
4957
5004
5019
5121
5170
5197
5206
5267
5305
5356
5386
5429
5541
5686
5844
5894
5923
5925
5951
5958
5991
5995
6040
6172
6326
6338
6360
6632
6743
6747
6751
6854
6858
6865
6883
7007
7024
7040
7102
7138
7142
7196
7251
7284
7321
7332
7367
7384
7499
7504
7531
7621
7684
7703
7709
7823
7920
8031
8058
8060
8070
8207
8260
8266
8439
8467
8480
8520
8590
8640
8662
8671
8722
8745
8836
8895
8908
8961
8993
9008
9162
9203
9330
9351
9367
9373
9416
9547
9613
9747
9838
9859
9860
9877
9911
9951
9987
10001
10083
10100
10169
10297
10346
10353
10358
10370
10428
10483
10507
10607
10636
10640
10647
10686
10690
10886
10897
10949
10964
11005
11011
11032
11046
11083
11190
11250
11252
11418
11536
11548
11652
11758
11760
11845
11905
11924
11970
12067
12200
12213
12216
12302
12318
12430
12434
12463
12510
12518
12615
12623
12726
12738
12755
12827
12882
12886
12892
12908
13008
13076
13092
13097
13194
13237
13330
13388
13390
13391
13430
13511
13545
13570
13611
13614
13672
13676
13766
13771
13853
13904
13941
13966
13984
14011
14061
14110
14216
14253
14301
14430
14481
14498
14509
14519
14551
