                     bun-types  typescript-lib          src-js             tsx      js-control
base Bc             44,553,098     160,906,955     512,392,086     137,557,479     312,264,098
base Ir            314,408,729   1,107,093,907   4,441,234,076   1,177,413,167   2,904,091,413
head dBc            +5,382,780     +25,890,983      +4,044,780      +8,292,000        +203,340
head dIr           +33,313,010    +161,561,452     +19,266,890     +46,481,990      -2,145,130
head dBi              -285,480        -398,673         -86,780        -508,000              +0
nolint dBc          +5,237,920     +25,605,603      +3,766,640      +7,940,000         +10,880
nolint dIr         +32,623,850    +159,930,172     +18,603,070     +45,147,990      -1,392,630
nolint dBi            -285,480        -398,673         -86,780        -508,000              +0
nolintbt dBc        +5,237,740     +25,605,603      +3,752,040      +7,924,000         +10,880
nolintbt dIr       +32,548,390    +159,756,532     +22,010,690     +45,647,990      -1,392,630
nolintbt dBi          -285,480        -398,673         -86,780        -508,000              +0
v2bh dBc            +1,999,980      +9,368,783      +1,257,360      +2,622,000        +203,340
v2bh dIr            +9,995,070     +47,665,772         -57,470      +7,681,990      -2,145,130
v2bh dBi              -137,480        +342,687          +6,280         -84,000              +0
v2b dBc             +1,004,600      +3,660,923        +166,020      +1,704,000         +10,980
v2b dIr             +2,125,510      +4,726,092      -8,926,510      -1,072,010      -1,505,210
v2b dBi               -181,940        +113,267        -179,200        -152,000              +0
r1 dBc              +1,202,020      +4,801,003        +872,960      +2,052,000        +137,120
r1 dIr              +3,603,290     +12,727,092      -2,742,330      +1,403,990      -2,347,450
r1 dBi                -165,180        +207,247          -8,320        -120,000              +0
vold dBc            +1,176,440      +6,037,403      +2,343,640      +1,818,000        +203,340
vold dIr           +13,346,310     +54,140,312     +22,795,030     +25,089,990      -2,145,130
vold dBi               +44,500        +224,767        +308,920        +106,000              +0
f1b dBc             +5,364,860     +25,797,003      +1,654,840      +7,814,000         +10,980
f1b dIr            +33,268,750    +161,269,492     +19,230,030     +46,685,990      -1,036,350
f1b dBi               -285,480        -398,673         -86,780        -508,000              +0
