                     bun-types  typescript-lib          src-js             tsx      js-control
base Bc             46,447,740     167,518,760     526,064,667     142,073,500     319,648,779
base Ir            307,732,879   1,073,683,079   4,386,732,486   1,164,570,597   2,890,523,823
rawhead dBc         +6,211,960     +29,405,080      +4,566,760      +9,708,000         +76,220
rawhead dIr        +32,924,650    +159,729,030     +19,243,850     +46,259,990      -1,960,530
rawhead dBi           -285,480        -394,020         -86,780        -508,000              +0
rawnolintbt dBc      +6,067,100     +29,119,700      +4,249,540      +9,354,000        -116,240
rawnolintbt dIr     +32,172,790    +157,979,550     +21,993,410     +45,407,990      -1,208,030
rawnolintbt dBi        -285,480        -394,020         -86,780        -508,000              +0
rawvold dBc         +1,218,940      +6,144,880      +2,296,660      +1,866,000         +76,220
rawvold dIr        +12,984,930     +52,340,770     +22,581,790     +24,945,990      -1,960,530
rawvold dBi            +44,500        +229,420        +308,920        +106,000              +0
rawf1b dBc          +6,211,960     +29,405,080      +4,521,940      +9,708,000        -116,140
rawf1b dIr         +32,901,550    +159,437,190     +19,380,670     +46,519,990        -851,750
rawf1b dBi            -285,480        -394,020         -86,780        -508,000              +0
