                                bun-types typescript-lib         src-js            tsx     js-control
-- Bc of symbols matching bun_js_parser (cgsum), default VEX
head - base                    +5,382,780    +25,943,240     +4,044,780     +8,292,000       +203,340
nolint - base                  +5,237,920    +25,657,860     +3,766,640     +7,940,000        +10,880
nolintbt - base                +5,237,740    +25,657,860     +3,752,040     +7,924,000        +10,880
vold - base                    +1,176,440     +6,089,660     +2,343,640     +1,818,000       +203,340
v2b - base                     +1,004,600     +3,713,180       +166,020     +1,704,000        +10,980
r1 - base                      +1,202,020     +4,853,260       +872,960     +2,052,000       +137,120
all - base                        +67,240       +124,640       -457,200       +314,000        -55,240
allnolint - base                  -68,000       -163,580       -710,940             +0        -55,340
all - allnolint                  +135,240       +288,220       +253,740       +314,000           +100
all - head                     -5,315,540    -25,818,600     -4,501,980     -7,978,000       -258,580
-- Ir of symbols matching bun_js_parser (cgsum), default VEX
head - base                   +33,313,010   +162,024,290    +19,266,890    +46,481,990     -2,145,130
nolint - base                 +32,623,850   +160,393,010    +18,603,070    +45,147,990     -1,392,630
nolintbt - base               +32,548,390   +160,219,370    +22,010,690    +45,647,990     -1,392,630
vold - base                   +13,346,310    +54,603,150    +22,795,030    +25,089,990     -2,145,130
v2b - base                     +2,125,510     +5,188,930     -8,926,510     -1,072,010     -1,505,210
r1 - base                      +3,603,290    +13,189,930     -2,742,330     +1,403,990     -2,347,450
all - base                     +4,486,930     +8,501,270     -3,864,450     +9,005,990     -1,707,530
allnolint - base               +3,538,990     +5,947,490     -3,400,710     +7,845,990     -1,594,950
all - allnolint                  +947,940     +2,553,780       -463,740     +1,160,000       -112,580
all - head                    -28,826,080   -153,523,020    -23,131,340    -37,476,000       +437,600
-- Bi of symbols matching bun_js_parser (cgsum), default VEX
head - base                      -285,480       -394,020        -86,780       -508,000             +0
nolint - base                    -285,480       -394,020        -86,780       -508,000             +0
nolintbt - base                  -285,480       -394,020        -86,780       -508,000             +0
vold - base                       +44,500       +229,420       +308,920       +106,000             +0
v2b - base                       -181,940       +117,920       -179,200       -152,000             +0
r1 - base                        -165,180       +211,900         -8,320       -120,000             +0
all - base                            +40             +0             +0        +14,000             +0
allnolint - base                      +40             +0             +0        +14,000             +0
all - allnolint                        +0             +0             +0             +0             +0
all - head                       +285,520       +394,020        +86,780       +522,000             +0
-- Bc raw (--vex-guest-chase=no)
rawhead - rawbase              +6,211,960    +29,405,080     +4,566,760     +9,708,000        +76,220
rawnolintbt - rawbase          +6,067,100    +29,119,700     +4,249,540     +9,354,000       -116,240
rawvold - rawbase              +1,218,940     +6,144,880     +2,296,660     +1,866,000        +76,220
rawall - rawbase                  +75,360        +63,800       -597,700       +250,000       -182,360
rawallnolint - rawbase            -59,880       -224,420       -890,520        -70,000       -182,460
rawall - rawallnolint            +135,240       +288,220       +292,820       +320,000           +100
-- absolute, matched: base Bc / Ir / Bi
base Bc                        44,553,098    160,854,698    512,392,086    137,557,479    312,264,098
base Ir                       314,408,729  1,106,631,069  4,441,234,076  1,177,413,167  2,904,091,413
base Bi                         4,499,191     14,321,131     47,404,830     12,922,990     35,874,170
