codes of the oracles of class E: 500; code, instances whose oracle has it, of them pass, diagnostics with the code
TS2322     404     0   1078
TS2564     260     0    613
TS2454     182     0   3061
TS2304     149     0    350
TS2345     122     0    274
TS2339     114     0    347
TS2300      72     0    500
TS1005      66     0    194
TS2741      54     0    114
TS1109      51     0    105
TS2554      49     0    134
TS7006      41     0    152
TS2307      35     0     70
TS2353      34     0     52
TS2403      32     0     58
TS2488      29     0     53
TS1212      28     0     68
TS18050     28     0    663
TS2352      26     0     42
TS2365      25     0    334
TS2411      24     0     36
TS2391      23     0     25
TS2464      22     0     63
TS2314      21     0    108
TS2729      21     0     51
TS1003      20     0     36
TS2872      20     0     67
TS2367      19     0    283
TS2683      19     0     28
TS1128      18     0     49
TS2416      18     0     27
TS2448      17     0     43
TS2769      17     0     53
TS7010      16     0     29
TS1206      15     0     58
TS1359      15     0     29
TS2524      15     0     15
TS2538      15     0     35
TS2540      15     0     78
TS2552      15     0     26
TS2703      15     0     97
TS5102      15     0     15
TS7031      15     0    235
TS1163      14     0     18
TS2493      14     0     39
TS2693      14     0     24
TS2369      13     0     71
TS2449      13     0     24
TS2873      13     0     42
TS7026      13     0     25
TS1042      12     0     12
TS2341      12     0     62
TS2362      12     0    605
TS2511      12     0     28
TS2813      12     0     14
TS2814      12     0     17
TS7022      12     0     12
TS18048     12     0    141
TS1102      11     0     40
TS2363      11     0    545
TS2371      11     0     28
TS2389      11     0     11
TS2393      11     0     29
TS2394      11     0     14
TS17009     11     0     44
TS1100      10     0     73
TS2301      10     0     17
TS2430      10     0     42
TS2507      10     0     26
TS2629      10     0     28
TS5110      10     0     10
TS7009      10     0     15
TS1155       9     0     16
TS1183       9     0     77
TS2355       9     0     18
TS2372       9     0     11
TS2378       9     0     13
TS2502       9     0     16
TS2558       9     0     43
TS2567       9     0     34
TS7019       9     0     11
TS1187       8     0     23
TS2344       8     0     22
TS2349       8     0     18
TS2364       8     0     64
TS2373       8     0     17
TS2415       8     0     13
TS2420       8     0      8
TS2433       8     0      8
TS2466       8     0      8
TS2515       8     0     14
TS2628       8     0     22
TS2695       8     0     56
TS2790       8     0     34
TS1064       7     0     15
TS1117       7     0     22
TS1166       7     0     41
TS1268       7     0      7
TS2305       7     0     16
TS2356       7     0     93
TS2434       7     0     11
TS2450       7     0     18
TS2451       7     0     30
TS2456       7     0     18
TS2503       7     0      9
TS2611       7     0      9
TS2630       7     0     14
TS2708       7     0      8
TS2740       7     0     15
TS1029       6     0     28
TS1039       6     0     13
TS1068       6     0     11
TS1101       6     0      7
TS1107       6     0      9
TS1110       6     0      7
TS1185       6     0     16
TS1308       6     0     20
TS2318       6     0     44
TS2320       6     0      8
TS2390       6     0      6
TS2410       6     0      7
TS2417       6     0     10
TS2445       6     0     31
TS2506       6     0     23
TS2537       6     0     28
TS2610       6     0      6
TS2631       6     0     14
TS2739       6     0      8
TS2749       6     0      7
TS2875       6     0      6
TS5097       6     0     17
TS7023       6     0      6
TS7057       6     0      7
TS1011       5     0     13
TS1028       5     0      8
TS1118       5     0      5
TS1123       5     0      8
TS1210       5     0     48
TS1221       5     0      7
TS1434       5     0      8
TS1436       5     0      5
TS2303       5     0     12
TS2309       5     0      5
TS2347       5     0     17
TS2366       5     0     10
TS2556       5     0     13
TS2588       5     0     21
TS2591       5     0     12
TS2689       5     0      8
TS2694       5     0      9
TS2720       5     0      7
TS2846       5     0     11
TS2883       5     0      6
TS6142       5     0      5
TS6504       5     0      9
TS7008       5     0     15
TS18033      5     0     18
TS1049       4     0      4
TS1127       4     0      4
TS1146       4     0      4
TS1169       4     0      4
TS1243       4     0     16
TS1244       4     0      5
TS1320       4     0      4
TS1344       4     0      8
TS1492       4     0      4
TS2302       4     0     12
TS2348       4     0      5
TS2357       4     0     39
TS2377       4     0      6
TS2407       4     0     14
TS2409       4     0      5
TS2440       4     0      4
TS2465       4     0      4
TS2467       4     0      4
TS2491       4     0      4
TS2542       4     0      6
TS2551       4     0      4
TS2555       4     0      4
TS2576       4     0      8
TS2583       4     0     35
TS2589       4     0      6
TS2652       4     0      8
TS2687       4     0     14
TS2717       4     0      4
TS5023       4     0     28
TS5056       4     0      6
TS5069       4     0      4
TS5095       4     0      4
TS5109       4     0      4
TS6046       4     0      4
TS6054       4     0      4
TS6263       4     0      4
TS7005       4     0      8
TS7053       4     0      9
TS8010       4     0      5
TS8030       4     0      7
TS18037      4     0     21
TS18060      4     0      4
TS1015       3     0     19
TS1016       3     0      4
TS1030       3     0      6
TS1034       3     0     12
TS1036       3     0      7
TS1090       3     0      3
TS1104       3     0      3
TS1108       3     0      3
TS1156       3     0     13
TS1213       3     0     11
TS1238       3     0      3
TS1239       3     0      3
TS1242       3     0      3
TS1255       3     0      8
TS1360       3     0      4
TS1361       3     0      7
TS2331       3     0      3
TS2337       3     0     10
TS2350       3     0     11
TS2374       3     0     28
TS2384       3     0      4
TS2385       3     0      6
TS2392       3     0     10
TS2404       3     0      3
TS2428       3     0     12
TS2436       3     0      4
TS2447       3     0      7
TS2481       3     0      5
TS2523       3     0      3
TS2531       3     0      4
TS2536       3     0      5
TS2550       3     0     63
TS2663       3     0      3
TS2674       3     0      4
TS2704       3     0      4
TS2808       3     0     10
TS2839       3     0     26
TS2851       3     0      3
TS2853       3     0      3
TS2854       3     0     19
TS2855       3     0      8
TS2874       3     0      3
TS2876       3     0      3
TS2882       3     0      3
TS4023       3     0      3
TS7017       3     0      5
TS7027       3     0     11
TS18004      3     0      3
TS1009       2     0      2
TS1031       2     0      2
TS1038       2     0      8
TS1040       2     0      2
TS1044       2     0      2
TS1047       2     0      2
TS1048       2     0      2
TS1054       2     0      2
TS1058       2     0      2
TS1066       2     0      2
TS1070       2     0      2
TS1089       2     0      2
TS1114       2     0      2
TS1115       2     0      2
TS1134       2     0      2
TS1170       2     0      2
TS1181       2     0      2
TS1184       2     0      6
TS1200       2     0     19
TS1222       2     0      4
TS1240       2     0      2
TS1241       2     0      2
TS1245       2     0      2
TS1248       2     0      2
TS1254       2     0      2
TS1264       2     0      3
TS1267       2     0      2
TS1275       2     0     32
TS1276       2     0      2
TS1329       2     0      2
TS1345       2     0      9
TS1355       2     0      4
TS1433       2     0      4
TS1490       2     0      2
TS2310       2     0      3
TS2313       2     0      2
TS2335       2     0      2
TS2354       2     0      2
TS2370       2     0      2
TS2376       2     0     14
TS2395       2     0     19
TS2401       2     0     13
TS2405       2     0      4
TS2414       2     0      5
TS2427       2     0      2
TS2432       2     0      3
TS2435       2     0      2
TS2463       2     0      5
TS2474       2     0      4
TS2475       2     0      4
TS2476       2     0      4
TS2495       2     0      4
TS2512       2     0      4
TS2527       2     0      5
TS2532       2     0      5
TS2584       2     0      4
TS2585       2     0      9
TS2651       2     0      5
TS2654       2     0      3
TS2662       2     0      2
TS2664       2     0      2
TS2668       2     0      2
TS2669       2     0      2
TS2673       2     0      5
TS2698       2     0      2
TS2710       2     0      2
TS2737       2     0     14
TS2746       2     0      5
TS2775       2     0      4
TS2809       2     0      5
TS2815       2     0     13
TS2819       2     0      2
TS2842       2     0      8
TS4025       2     0      2
TS4109       2     0      2
TS5009       2     0      2
TS5053       2     0      2
TS5055       2     0      2
TS7015       2     0      2
TS7034       2     0      6
TS9010       2     0      4
TS17004      2     0      3
TS17005      2     0      2
TS17011      2     0      7
TS18038      2     0      4
TS18046      2     0      3
TS18057      2     0     28
TS1002       1     0      1
TS1014       1     0      1
TS1021       1     0      8
TS1052       1     0      2
TS1053       1     0      2
TS1079       1     0      1
TS1095       1     0      1
TS1096       1     0      8
TS1098       1     0      1
TS1103       1     0      7
TS1105       1     0      1
TS1116       1     0      1
TS1132       1     0      1
TS1135       1     0      1
TS1139       1     0      1
TS1141       1     0      2
TS1144       1     0      1
TS1162       1     0      1
TS1174       1     0      1
TS1182       1     0      2
TS1188       1     0      1
TS1196       1     0      4
TS1197       1     0      1
TS1202       1     0      1
TS1203       1     0      1
TS1207       1     0      2
TS1228       1     0      7
TS1249       1     0      1
TS1253       1     0      1
TS1263       1     0      4
TS1270       1     0      1
TS1317       1     0      1
TS1318       1     0      2
TS1337       1     0      1
TS1341       1     0      2
TS1346       1     0     11
TS1347       1     0      8
TS1353       1     0      1
TS1363       1     0      1
TS1368       1     0      1
TS1392       1     0      1
TS1435       1     0     19
TS1437       1     0      3
TS1438       1     0      1
TS1440       1     0      1
TS1441       1     0      2
TS1477       1     0      1
TS1494       1     0      1
TS1495       1     0      2
TS1503       1     0      6
TS1539       1     0      9
TS1546       1     0      4
TS1548       1     0      5
TS2306       1     0      2
TS2308       1     0      1
TS2311       1     0      1
TS2312       1     0      1
TS2315       1     0      1
TS2332       1     0      2
TS2351       1     0      1
TS2368       1     0      2
TS2383       1     0      2
TS2386       1     0      8
TS2397       1     0      1
TS2413       1     0      1
TS2423       1     0      1
TS2426       1     0      1
TS2439       1     0      1
TS2441       1     0      2
TS2477       1     0      2
TS2478       1     0      1
TS2480       1     0      1
TS2487       1     0      1
TS2490       1     0      1
TS2492       1     0      1
TS2499       1     0      1
TS2500       1     0      1
TS2504       1     0      2
TS2505       1     0      1
TS2508       1     0      1
TS2510       1     0      1
TS2513       1     0      2
TS2516       1     0      1
TS2526       1     0      1
TS2528       1     0      2
TS2539       1     0      2
TS2545       1     0      1
TS2559       1     0      9
TS2562       1     0      1
TS2565       1     0      1
TS2571       1     0      2
TS2575       1     0      4
TS2577       1     0      3
TS2592       1     0      1
TS2593       1     0      4
TS2613       1     0      1
TS2649       1     0      1
TS2650       1     0      1
TS2653       1     0      1
TS2655       1     0      1
TS2660       1     0      1
TS2661       1     0      1
TS2671       1     0      1
TS2675       1     0      1
TS2676       1     0      4
TS2680       1     0      1
TS2684       1     0      1
TS2702       1     0      2
TS2706       1     0      1
TS2707       1     0      3
TS2714       1     0      4
TS2715       1     0     10
TS2716       1     0      1
TS2722       1     0      2
TS2725       1     0      1
TS2743       1     0      2
TS2744       1     0     11
TS2747       1     0      3
TS2763       1     0      3
TS2764       1     0      1
TS2765       1     0      4
TS2766       1     0      3
TS2767       1     0      1
TS2774       1     0      3
TS2776       1     0      1
TS2791       1     0      2
TS2820       1     0      2
TS2852       1     0      1
TS2862       1     0      2
TS2863       1     0      9
TS2864       1     0      9
TS4032       1     0      1
TS4081       1     0      1
TS4094       1     0      6
TS4110       1     0      2
TS4118       1     0      2
TS5011       1     0      1
TS5052       1     0      1
TS5061       1     0      1
TS5088       1     0      1
TS5096       1     0      1
TS6053       1     0      1
TS6133       1     0      1
TS6231       1     0      1
TS6234       1     0      1
TS7013       1     0      1
TS7016       1     0      1
TS7024       1     0      1
TS7025       1     0      1
TS7029       1     0      2
TS7039       1     0      1
TS7055       1     0      5
TS7056       1     0      3
TS8004       1     0      1
TS8006       1     0      2
TS8009       1     0      1
TS8011       1     0      1
TS8020       1     0      1
TS9038       1     0      9
TS17019      1     0      2
TS18006      1     0      1
TS18013      1     0      2
TS18041      1     0      2
TS18049      1     0      1
TS18054      1     0      2
TS18055      1     0      2
