E-CORE	24	1294,1321,1322,1343,1355,1360,1470,2352,2475,2531,2532,2533,2571,2635,2748,2848,7057,7059,17013,18046,18047,18048,18049,18050
E-LITERAL	5	2353,2698,2731,2783,2785
E-OPER	41	1013,1136,1186,1320,1345,1369,2356,2357,2358,2362,2363,2364,2365,2367,2412,2447,2462,2469,2638,2657,2695,2701,2703,2704,2736,2777,2778,2779,2790,2791,2839,2845,2861,2869,2871,2872,2873,5076,6807,18011,80007
E-ACCESS	59	1111,2331,2332,2335,2336,2337,2338,2339,2341,2445,2446,2449,2454,2465,2466,2476,2513,2536,2539,2540,2542,2550,2551,2565,2568,2576,2588,2628,2629,2630,2631,2632,2660,2683,2689,2715,2728,2729,2738,2773,2803,2806,2812,2815,2816,2855,4105,4111,7005,7017,7034,7041,17009,17011,18013,18014,18016,18017,18018
E-FACTS	0	
E-FUNC	1	8030
T-RETINFER	5	1058,2697,2705,2711,2712
E-CALL	59	1238,1239,1240,1241,1278,1279,1329,2344,2345,2347,2348,2349,2350,2351,2359,2511,2554,2555,2556,2558,2575,2673,2674,2679,2684,2721,2722,2723,2734,2743,2755,2756,2757,2758,2759,2760,2761,2762,2769,2770,2771,2773,2775,2776,2793,2794,2796,2810,2860,2880,6210,6211,6234,6236,6385,6387,7009,7036,7038
E-CTX	0	
F-NARROW	3	2563,2782,7008
F-REACH	0	
F-UNREACH	1	7027
